727609.a.727609.1:[[0,-2,0,10,11,3],[1,1,0,1]]:E_6
256.a.512.1:[[0,1,1,-1,-3,-2],[1]]:E_4
249.a.249.1:[[0,1,1],[1,0,0,1]]:USp(4)
169.a.169.1:[[0,1,1],[1,0,1,1]]:E_6
177241.a.177241.1:[[0,-1,-1,6,8,2],[1,0,1,1]]:E_6
213856.a.427712.1:[[-1,-2,-1,1,2,2,1],[1]]:USp(4)
176275.a.881375.1:[[0,-1,1,4,-10,5],[0,1,1]]:USp(4)
213360.a.213360.1:[[1,4,-10,-16,27,14,-21],[1]]:USp(4)
4096.e.524288.1:[[0,-1,-2,0,-2,1],[]]:E_4
456597.a.456597.1:[[-1,0,-3,1,-3,1],[1]]:USp(4)
482944.b.482944.1:[[3,23,58,32,-44,12,-1],[0,1]]:G_{3,3}
384400.a.384400.1:[[-1,0,-4,0,-4],[0,0,0,1]]:G_{3,3}
31968.b.255744.1:[[-3,6,3,-5,-1,1],[0,0,0,1]]:USp(4)
418731.a.418731.1:[[0,-1,-2,-2,0,1],[1]]:USp(4)
38400.c.38400.1:[[0,0,-3,0,10,0,-6],[1]]:G_{3,3}
131584.m.263168.1:[[-13,36,-23,-9,7,2],[]]:USp(4)
31035.a.465525.1:[[2,-5,1,2,1,1],[0,0,0,1]]:USp(4)
49648.b.49648.1:[[0,0,-1,0,2,-2],[1,1,1,1]]:USp(4)
20016.a.960768.1:[[-4,-8,-7,-3],[0,0,1,1]]:USp(4)
595215.a.595215.1:[[-1,0,4,-2,-6,2],[0,1,1,1]]:USp(4)
6075.d.820125.1:[[-4,5,-2,0,1,-1],[0,0,1,1]]:G_{3,3}
639721.a.639721.1:[[2,1,2,-1,-1,-1],[0,1,1,1]]:USp(4)
682274.a.682274.1:[[-1,-1,1,1,1,-2],[0,1,1,1]]:USp(4)
304019.a.304019.1:[[0,-2,4,-1,1,1],[1]]:USp(4)
834167.a.834167.1:[[-30,79,-79,2,18,4],[1,0,0,1]]:USp(4)
