727609.a.727609.1:[[0,-2,0,10,11,3],[1,1,0,1]]:E_6:[[[[250479,-127278,12951,2164,-355,-1,1],[0,1,0,0,0,0]],[[[0,1],1]],['M_2(RR)'],[3,1],'E_1'],[[[-1011,-284,-1,1],[564677/1011,-512684/3033,-46924/9099,33409/9099,-410/9099,-100/9099]],[[[1,-1,1],-1]],['CC'],[1,-1],'E_2'],[[[-213,-1,1],[-124508/9099,-14851/27297,17431/81891,-2431/81891,41/81891,10/81891]],[[[1,-1,1],-1]],['CC'],[1,-1],'E_3'],[[[0,1],[0,0,0,0,0,0]],[[[1,-1,1],-1]],['CC'],[1,-1],'E_6']]:[[250479,-127278,12951,2164,-355,-1,1],[0,1,0,0,0,0]]:[[[5435673967966/737019,-455437371934/245673,-209063852143/2211057,784576189675/19899513,-2205458029/6633171,-2282803579/19899513],[-410855862884875093/59698539,34398769079843098/19899513,15822422145531337/179095617,-59245379458277803/1611860553,166132955020795/537286851,172352255795629/1611860553]]]
256.a.512.1:[[0,1,1,-1,-3,-2],[1]]:E_4:[[[[2,0,-4,0,1],[0,1,0,0]],[[[0,1],1]],['M_2(RR)'],[4,0],'E_1'],[[[-2,0,1],[-2,0,1,0]],[[[1,0,1],-1]],['CC'],[1,-1],'E_2'],[[[0,1],[0,0,0,0]],[[[1,0,1],-1]],['CC'],[1,-1],'E_4']]:[[2,0,-4,0,1],[0,1,0,0]]:[[[-488,-256,864,464],[35520,19232,-60608,-32800]]]
249.a.249.1:[[0,1,1],[1,0,0,1]]:USp(4):[[[[0,1],[0]],[[[0,1],-1]],['RR'],[1,-1],'USp(4)']]:[]:[]
169.a.169.1:[[0,1,1],[1,0,1,1]]:E_6:[[[[-1,-3,6,4,-5,-1,1],[0,1,0,0,0,0]],[[[0,1],1]],['M_2(RR)'],[3,1],'E_1'],[[[-1,-4,-1,1],[2,-3,-1,1,0,0]],[[[1,-1,1],-1]],['CC'],[1,-1],'E_2'],[[[-3,-1,1],[-2,-2,4,1,-1,0]],[[[1,-1,1],-1]],['CC'],[1,-1],'E_3'],[[[0,1],[0,0,0,0,0,0]],[[[1,-1,1],-1]],['CC'],[1,-1],'E_6']]:[[-1,-3,6,4,-5,-1,1],[0,1,0,0,0,0]]:[[[2644,9457,-8353,-15597,1720,3630],[207207,759759,-759759,-1342341,160160,316316]]]
177241.a.177241.1:[[0,-1,-1,6,8,2],[1,0,1,1]]:E_6:[[[[-22981,-6685,7234,226,-175,-1,1],[0,1,0,0,0,0]],[[[0,1],1]],['M_2(RR)'],[3,1],'E_1'],[[[343,-140,-1,1],[-52/25,-6157/1675,-751/2345,83/11725,54/11725,4/11725]],[[[1,-1,1],-1]],['CC'],[1,-1],'E_2'],[[[-105,-1,1],[-13,-506/469,3050/3283,193/3283,-27/3283,-2/3283]],[[[1,-1,1],-1]],['CC'],[1,-1],'E_3'],[[[0,1],[0,0,0,0,0,0]],[[[1,-1,1],-1]],['CC'],[1,-1],'E_6']]:[[-22981,-6685,7234,226,-175,-1,1],[0,1,0,0,0,0]]:[[[6015610862/60025,1982962671654/28151725,-10861842252/5630345,-7172648099/4021675,408994556/28151725,292777711/28151725],[-142161447348689/2941225,-47200542756233948/1379434525,256928753154842/275886905,170563507802663/197062075,-9675949501212/1379434525,-6957327504077/1379434525]]]
213856.a.427712.1:[[-1,-2,-1,1,2,2,1],[1]]:USp(4):[[[[0,1],[0]],[[[0,1],-1]],['RR'],[1,-1],'USp(4)']]:[]:[]
176275.a.881375.1:[[0,-1,1,4,-10,5],[0,1,1]]:USp(4):[[[[0,1],[0]],[[[0,1],-1]],['RR'],[1,-1],'USp(4)']]:[]:[]
213360.a.213360.1:[[1,4,-10,-16,27,14,-21],[1]]:USp(4):[[[[0,1],[0]],[[[0,1],-1]],['RR'],[1,-1],'USp(4)']]:[]:[]
4096.e.524288.1:[[0,-1,-2,0,-2,1],[]]:E_4:[[[[2,0,-4,0,1],[0,1,0,0]],[[[0,1],1]],['M_2(RR)'],[4,0],'E_1'],[[[-2,0,1],[-2,0,1,0]],[[[1,0,1],-1]],['CC'],[1,-1],'E_2'],[[[0,1],[0,0,0,0]],[[[1,0,1],-1]],['CC'],[1,-1],'E_4']]:[[2,0,-4,0,1],[0,1,0,0]]:[[[-7808,-4096,13824,7424],[-2273280,-1230848,3878912,2099200]]]
456597.a.456597.1:[[-1,0,-3,1,-3,1],[1]]:USp(4):[[[[0,1],[0]],[[[0,1],-1]],['RR'],[1,-1],'USp(4)']]:[]:[]
482944.b.482944.1:[[3,23,58,32,-44,12,-1],[0,1]]:G_{3,3}:[[[[0,1],[0]],[[[0,1],-1],[[0,1],-1]],['RR','RR'],[2,-1],'G_{3,3}']]:[[0,1],[0]]:[[[-623],[-6713]],[[-20],[-64]]]
384400.a.384400.1:[[-1,0,-4,0,-4],[0,0,0,1]]:G_{3,3}:[[[[0,1],[0]],[[[0,1],-1],[[0,1],-1]],['RR','RR'],[2,-1],'G_{3,3}']]:[[0,1],[0]]:[[[304],[5302]],[[64],[-728]]]
31968.b.255744.1:[[-3,6,3,-5,-1,1],[0,0,0,1]]:USp(4):[[[[0,1],[0]],[[[0,1],-1]],['RR'],[1,-1],'USp(4)']]:[]:[]
418731.a.418731.1:[[0,-1,-2,-2,0,1],[1]]:USp(4):[[[[0,1],[0]],[[[0,1],-1]],['RR'],[1,-1],'USp(4)']]:[]:[]
38400.c.38400.1:[[0,0,-3,0,10,0,-6],[1]]:G_{3,3}:[[[[0,1],[0]],[[[0,1],-1],[[0,1],-1]],['RR','RR'],[2,-1],'G_{3,3}']]:[[0,1],[0]]:[[[24],[-108]],[[736],[-19936]]]
131584.m.263168.1:[[-13,36,-23,-9,7,2],[]]:USp(4):[[[[0,1],[0]],[[[0,1],-1]],['RR'],[1,-1],'USp(4)']]:[]:[]
31035.a.465525.1:[[2,-5,1,2,1,1],[0,0,0,1]]:USp(4):[[[[0,1],[0]],[[[0,1],-1]],['RR'],[1,-1],'USp(4)']]:[]:[]
49648.b.49648.1:[[0,0,-1,0,2,-2],[1,1,1,1]]:USp(4):[[[[0,1],[0]],[[[0,1],-1]],['RR'],[1,-1],'USp(4)']]:[]:[]
20016.a.960768.1:[[-4,-8,-7,-3],[0,0,1,1]]:USp(4):[[[[0,1],[0]],[[[0,1],-1]],['RR'],[1,-1],'USp(4)']]:[]:[]
595215.a.595215.1:[[-1,0,4,-2,-6,2],[0,1,1,1]]:USp(4):[[[[0,1],[0]],[[[0,1],-1]],['RR'],[1,-1],'USp(4)']]:[]:[]
6075.d.820125.1:[[-4,5,-2,0,1,-1],[0,0,1,1]]:G_{3,3}:[[[[0,1],[0]],[[[0,1],-1],[[0,1],-1]],['RR','RR'],[3,-1],'G_{3,3}']]:[[0,1],[0]]:[[[729],[-334611/8]],[[729/16],[3168963/64]]]
639721.a.639721.1:[[2,1,2,-1,-1,-1],[0,1,1,1]]:USp(4):[[[[0,1],[0]],[[[0,1],-1]],['RR'],[1,-1],'USp(4)']]:[]:[]
682274.a.682274.1:[[-1,-1,1,1,1,-2],[0,1,1,1]]:USp(4):[[[[0,1],[0]],[[[0,1],-1]],['RR'],[1,-1],'USp(4)']]:[]:[]
304019.a.304019.1:[[0,-2,4,-1,1,1],[1]]:USp(4):[[[[0,1],[0]],[[[0,1],-1]],['RR'],[1,-1],'USp(4)']]:[]:[]
834167.a.834167.1:[[-30,79,-79,2,18,4],[1,0,0,1]]:USp(4):[[[[0,1],[0]],[[[0,1],-1]],['RR'],[1,-1],'USp(4)']]:[]:[]
